29838;2025; 1; 1;-24.7;-15.6; -7.9;  0.0
29838;2025; 1; 2; -9.5; -4.8;  0.0;  1.5
29838;2025; 1; 3; -8.7; -5.1; -0.9;  1.3
29838;2025; 1; 4; -4.9; -1.2; -0.5;  2.3
29838;2025; 1; 5;-11.7; -5.3; -0.9;  0.0
29838;2025; 1; 6;-18.4;-12.3; -5.5;  0.0
29838;2025; 1; 7;-10.7; -8.7; -6.7;  0.0
29838;2025; 1; 8; -7.9; -5.8; -3.8;  2.0
29838;2025; 1; 9;-15.4;-11.6; -6.0;  1.5
29838;2025; 1;10;-11.3; -6.4; -3.0;  6.9
29838;2025; 1;11; -5.8; -4.4; -3.5;  0.3
29838;2025; 1;12; -9.7; -4.6; -3.5;  0.0
29838;2025; 1;13;-15.0; -8.6; -6.2;  0.2
29838;2025; 1;14;-22.3;-12.5; -3.2;  0.0
29838;2025; 1;15;-14.8; -9.0; -3.6;  0.0
29838;2025; 1;16;-15.9; -7.7; -2.8;  0.0
29838;2025; 1;17; -6.2; -4.6; -3.2;  1.2
29838;2025; 1;18; -6.3; -4.2; -1.4;  1.7
29838;2025; 1;19;-12.7; -7.8; -5.2;  0.9
29838;2025; 1;20; -7.8; -3.6; -0.1;  0.8
29838;2025; 1;21; -2.4; -0.9;  0.4;  1.4
29838;2025; 1;22; -8.2; -1.3;  2.4;  1.1
29838;2025; 1;23;-20.7;-16.2; -8.2;  2.2
29838;2025; 1;24;-27.8;-24.9;-20.7;  0.0
29838;2025; 1;25;-27.1;-21.4;-16.2;  0.0
29838;2025; 1;26;-17.9;-14.8;-10.6;  0.0
29838;2025; 1;27;-22.1;-16.6; -9.0;  0.0
29838;2025; 1;28;-16.1;-11.9; -9.1;  0.3
29838;2025; 1;29;-12.3;-10.8; -7.5;  2.2
29838;2025; 1;30;-10.6; -6.7; -3.3;  4.2
29838;2025; 1;31;-15.1; -8.5; -5.1;  2.2
29838;2025; 2; 1;-21.6;-18.7;-14.9;  0.5
29838;2025; 2; 2;-22.4;-12.9; -6.6;  1.4
29838;2025; 2; 3;-13.7; -8.9; -7.0;  0.8
29838;2025; 2; 4;-13.9; -7.7; -2.7;  2.5
29838;2025; 2; 5; -7.4; -5.3; -3.3;  0.0
29838;2025; 2; 6;-17.5;-12.0; -5.1;  0.0
29838;2025; 2; 7;-19.2;-15.1; -9.8;  0.0
29838;2025; 2; 8;-25.6;-19.5;-13.9;  0.0
29838;2025; 2; 9;-18.5;-14.7;-13.0;  1.6
29838;2025; 2;10;-13.1; -6.7; -5.0;  1.8
29838;2025; 2;11; -6.7; -5.9; -4.4;  1.9
29838;2025; 2;12; -7.6; -6.5; -5.3;  0.0
29838;2025; 2;13; -7.3; -6.2; -5.5;  0.0
29838;2025; 2;14;-11.2; -8.2; -5.4;  1.9
29838;2025; 2;15;-20.5;-11.9; -5.1;  0.0
29838;2025; 2;16;-11.9; -7.7; -2.9;  0.0
29838;2025; 2;17;-14.8; -8.8; -1.3;  0.2
29838;2025; 2;18;-20.1;-14.3; -5.6;  0.0
29838;2025; 2;19;-20.7;-14.8; -6.5;  0.0
29838;2025; 2;20;-22.3;-15.7; -4.7;  0.0
29838;2025; 2;21;-20.9;-12.8;  0.1;  0.0
29838;2025; 2;22;-17.6;-11.0; -1.9;  0.0
29838;2025; 2;23;-17.1;-10.7; -1.6;  0.0
29838;2025; 2;24;-16.2; -9.0; -1.0;  0.0
29838;2025; 2;25;-21.3;-12.0;  0.4;  0.0
29838;2025; 2;26;-19.3;-11.7;  2.8;  0.0
29838;2025; 2;27;-11.3; -7.3; -4.2;  0.4
29838;2025; 2;28;-10.0; -8.1; -5.4;  2.6
29838;2025; 3; 1;-13.6;-10.0; -6.5;  1.2
29838;2025; 3; 2;-13.2; -8.5; -3.9;  0.8
29838;2025; 3; 3; -9.8; -7.7; -3.1;  0.3
29838;2025; 3; 4;-19.3;-11.9; -3.0;  0.0
29838;2025; 3; 5;-11.5; -8.0; -4.2;  0.0
29838;2025; 3; 6;-16.4; -7.0;  1.7;  0.0
29838;2025; 3; 7; -1.6;  0.4;  2.6;  0.6
29838;2025; 3; 8; -9.8; -5.8; -0.4;  0.0
29838;2025; 3; 9;-15.5; -8.2; -1.3;  2.7
29838;2025; 3;10;-14.1; -9.1; -2.9;  0.6
29838;2025; 3;11;-10.5; -5.8; -2.2;  4.9
29838;2025; 3;12;-15.1; -9.2; -3.3;  1.5
29838;2025; 3;13;-26.3;-15.6; -4.3;  0.0
29838;2025; 3;14;-16.3; -8.6;  1.4;  0.0
29838;2025; 3;15;-15.2; -5.5;  4.7;  0.0
29838;2025; 3;16;-17.1; -6.5;  6.3;  0.0
29838;2025; 3;17; -8.5; -1.7;  6.9;  0.0
29838;2025; 3;18; -0.6;  3.8;  6.1;  1.4
29838;2025; 3;19;  3.3;  6.7; 12.1;  0.0
29838;2025; 3;20; -0.8;  5.6; 12.1;  0.0
29838;2025; 3;21;  4.1;  7.5; 10.7;  0.0
29838;2025; 3;22; -1.6;  0.4;  5.9;  1.9
29838;2025; 3;23;-10.2; -3.7;  1.2;  0.0
29838;2025; 3;24; -3.6; -1.7;  0.5;  1.6
29838;2025; 3;25; -9.1; -6.5; -3.5;  0.3
29838;2025; 3;26;-14.2; -6.7; -1.0;  0.0
29838;2025; 3;27; -9.9; -3.9;  3.3;  0.0
29838;2025; 3;28; -9.8; -1.2;  7.1;  0.0
29838;2025; 3;29; -6.2;  1.0;  8.7;  0.0
29838;2025; 3;30; -4.1;  3.3;  8.8;  0.0
29838;2025; 3;31; -2.9;  3.7; 10.6;  0.0
29838;2025; 4; 1;     ;     ;     ;     
29838;2025; 4; 2;     ;     ;     ;     
29838;2025; 4; 3;     ;     ;     ;     
29838;2025; 4; 4;     ;     ;     ;     
29838;2025; 4; 5;     ;     ;     ;     
29838;2025; 4; 6;     ;     ;     ;     
29838;2025; 4; 7;     ;     ;     ;     
29838;2025; 4; 8;     ;     ;     ;     
29838;2025; 4; 9;     ;     ;     ;     
29838;2025; 4;10;     ;     ;     ;     
29838;2025; 4;11;     ;     ;     ;     
29838;2025; 4;12;     ;     ;     ;     
29838;2025; 4;13;     ;     ;     ;     
29838;2025; 4;14;     ;     ;     ;     
29838;2025; 4;15;     ;     ;     ;     
29838;2025; 4;16;     ;     ;     ;     
29838;2025; 4;17;     ;     ;     ;     
29838;2025; 4;18;     ;     ;     ;     
29838;2025; 4;19;     ;     ;     ;     
29838;2025; 4;20;     ;     ;     ;     
29838;2025; 4;21;     ;     ;     ;     
29838;2025; 4;22;     ;     ;     ;     
29838;2025; 4;23;     ;     ;     ;     
29838;2025; 4;24;     ;     ;     ;     
29838;2025; 4;25;     ;     ;     ;     
29838;2025; 4;26;     ;     ;     ;     
29838;2025; 4;27;     ;     ;     ;     
29838;2025; 4;28;     ;     ;     ;     
29838;2025; 4;29;     ;     ;     ;     
29838;2025; 4;30;     ;     ;     ;     
29838;2025; 5; 1;     ;     ;     ;     
29838;2025; 5; 2;     ;     ;     ;     
29838;2025; 5; 3;     ;     ;     ;     
29838;2025; 5; 4;     ;     ;     ;     
29838;2025; 5; 5;     ;     ;     ;     
29838;2025; 5; 6;     ;     ;     ;     
29838;2025; 5; 7;     ;     ;     ;     
29838;2025; 5; 8;     ;     ;     ;     
29838;2025; 5; 9;     ;     ;     ;     
29838;2025; 5;10;     ;     ;     ;     
29838;2025; 5;11;     ;     ;     ;     
29838;2025; 5;12;     ;     ;     ;     
29838;2025; 5;13;     ;     ;     ;     
29838;2025; 5;14;     ;     ;     ;     
29838;2025; 5;15;     ;     ;     ;     
29838;2025; 5;16;     ;     ;     ;     
29838;2025; 5;17;     ;     ;     ;     
29838;2025; 5;18;     ;     ;     ;     
29838;2025; 5;19;     ;     ;     ;     
29838;2025; 5;20;     ;     ;     ;     
29838;2025; 5;21;     ;     ;     ;     
29838;2025; 5;22;     ;     ;     ;     
29838;2025; 5;23;     ;     ;     ;     
29838;2025; 5;24;     ;     ;     ;     
29838;2025; 5;25;     ;     ;     ;     
29838;2025; 5;26;     ;     ;     ;     
29838;2025; 5;27;     ;     ;     ;     
29838;2025; 5;28;     ;     ;     ;     
29838;2025; 5;29;     ;     ;     ;     
29838;2025; 5;30;     ;     ;     ;     
29838;2025; 5;31;     ;     ;     ;     
29838;2025; 6; 1;     ;     ;     ;     
29838;2025; 6; 2;     ;     ;     ;     
29838;2025; 6; 3;     ;     ;     ;     
29838;2025; 6; 4;     ;     ;     ;     
29838;2025; 6; 5;     ;     ;     ;     
29838;2025; 6; 6;     ;     ;     ;     
29838;2025; 6; 7;     ;     ;     ;     
29838;2025; 6; 8;     ;     ;     ;     
29838;2025; 6; 9;     ;     ;     ;     
29838;2025; 6;10;     ;     ;     ;     
29838;2025; 6;11;     ;     ;     ;     
29838;2025; 6;12;     ;     ;     ;     
29838;2025; 6;13;     ;     ;     ;     
29838;2025; 6;14;     ;     ;     ;     
29838;2025; 6;15;     ;     ;     ;     
29838;2025; 6;16;     ;     ;     ;     
29838;2025; 6;17;     ;     ;     ;     
29838;2025; 6;18;     ;     ;     ;     
29838;2025; 6;19;     ;     ;     ;     
29838;2025; 6;20;     ;     ;     ;     
29838;2025; 6;21;     ;     ;     ;     
29838;2025; 6;22;     ;     ;     ;     
29838;2025; 6;23;     ;     ;     ;     
29838;2025; 6;24;     ;     ;     ;     
29838;2025; 6;25;     ;     ;     ;     
29838;2025; 6;26;     ;     ;     ;     
29838;2025; 6;27;     ;     ;     ;     
29838;2025; 6;28;     ;     ;     ;     
29838;2025; 6;29;     ;     ;     ;     
29838;2025; 6;30;     ;     ;     ;     
29838;2025; 7; 1;     ;     ;     ;     
29838;2025; 7; 2;     ;     ;     ;     
29838;2025; 7; 3;     ;     ;     ;     
29838;2025; 7; 4;     ;     ;     ;     
29838;2025; 7; 5;     ;     ;     ;     
29838;2025; 7; 6;     ;     ;     ;     
29838;2025; 7; 7;     ;     ;     ;     
29838;2025; 7; 8;     ;     ;     ;     
29838;2025; 7; 9;     ;     ;     ;     
29838;2025; 7;10;     ;     ;     ;     
29838;2025; 7;11;     ;     ;     ;     
29838;2025; 7;12;     ;     ;     ;     
29838;2025; 7;13;     ;     ;     ;     
29838;2025; 7;14;     ;     ;     ;     
29838;2025; 7;15;     ;     ;     ;     
29838;2025; 7;16;     ;     ;     ;     
29838;2025; 7;17;     ;     ;     ;     
29838;2025; 7;18;     ;     ;     ;     
29838;2025; 7;19;     ;     ;     ;     
29838;2025; 7;20;     ;     ;     ;     
29838;2025; 7;21;     ;     ;     ;     
29838;2025; 7;22;     ;     ;     ;     
29838;2025; 7;23;     ;     ;     ;     
29838;2025; 7;24;     ;     ;     ;     
29838;2025; 7;25;     ;     ;     ;     
29838;2025; 7;26;     ;     ;     ;     
29838;2025; 7;27;     ;     ;     ;     
29838;2025; 7;28;     ;     ;     ;     
29838;2025; 7;29;     ;     ;     ;     
29838;2025; 7;30;     ;     ;     ;     
29838;2025; 7;31;     ;     ;     ;     
29838;2025; 8; 1;     ;     ;     ;     
29838;2025; 8; 2;     ;     ;     ;     
29838;2025; 8; 3;     ;     ;     ;     
29838;2025; 8; 4;     ;     ;     ;     
29838;2025; 8; 5;     ;     ;     ;     
29838;2025; 8; 6;     ;     ;     ;     
29838;2025; 8; 7;     ;     ;     ;     
29838;2025; 8; 8;     ;     ;     ;     
29838;2025; 8; 9;     ;     ;     ;     
29838;2025; 8;10;     ;     ;     ;     
29838;2025; 8;11;     ;     ;     ;     
29838;2025; 8;12;     ;     ;     ;     
29838;2025; 8;13;     ;     ;     ;     
29838;2025; 8;14;     ;     ;     ;     
29838;2025; 8;15;     ;     ;     ;     
29838;2025; 8;16;     ;     ;     ;     
29838;2025; 8;17;     ;     ;     ;     
29838;2025; 8;18;     ;     ;     ;     
29838;2025; 8;19;     ;     ;     ;     
29838;2025; 8;20;     ;     ;     ;     
29838;2025; 8;21;     ;     ;     ;     
29838;2025; 8;22;     ;     ;     ;     
29838;2025; 8;23;     ;     ;     ;     
29838;2025; 8;24;     ;     ;     ;     
29838;2025; 8;25;     ;     ;     ;     
29838;2025; 8;26;     ;     ;     ;     
29838;2025; 8;27;     ;     ;     ;     
29838;2025; 8;28;     ;     ;     ;     
29838;2025; 8;29;     ;     ;     ;     
29838;2025; 8;30;     ;     ;     ;     
29838;2025; 8;31;     ;     ;     ;     
29838;2025; 9; 1;     ;     ;     ;     
29838;2025; 9; 2;     ;     ;     ;     
29838;2025; 9; 3;     ;     ;     ;     
29838;2025; 9; 4;     ;     ;     ;     
29838;2025; 9; 5;     ;     ;     ;     
29838;2025; 9; 6;     ;     ;     ;     
29838;2025; 9; 7;     ;     ;     ;     
29838;2025; 9; 8;     ;     ;     ;     
29838;2025; 9; 9;     ;     ;     ;     
29838;2025; 9;10;     ;     ;     ;     
29838;2025; 9;11;     ;     ;     ;     
29838;2025; 9;12;     ;     ;     ;     
29838;2025; 9;13;     ;     ;     ;     
29838;2025; 9;14;     ;     ;     ;     
29838;2025; 9;15;     ;     ;     ;     
29838;2025; 9;16;     ;     ;     ;     
29838;2025; 9;17;     ;     ;     ;     
29838;2025; 9;18;     ;     ;     ;     
29838;2025; 9;19;     ;     ;     ;     
29838;2025; 9;20;     ;     ;     ;     
29838;2025; 9;21;     ;     ;     ;     
29838;2025; 9;22;     ;     ;     ;     
29838;2025; 9;23;     ;     ;     ;     
29838;2025; 9;24;     ;     ;     ;     
29838;2025; 9;25;     ;     ;     ;     
29838;2025; 9;26;     ;     ;     ;     
29838;2025; 9;27;     ;     ;     ;     
29838;2025; 9;28;     ;     ;     ;     
29838;2025; 9;29;     ;     ;     ;     
29838;2025; 9;30;     ;     ;     ;     
29838;2025;10; 1;     ;     ;     ;     
29838;2025;10; 2;     ;     ;     ;     
29838;2025;10; 3;     ;     ;     ;     
29838;2025;10; 4;     ;     ;     ;     
29838;2025;10; 5;     ;     ;     ;     
29838;2025;10; 6;     ;     ;     ;     
29838;2025;10; 7;     ;     ;     ;     
29838;2025;10; 8;     ;     ;     ;     
29838;2025;10; 9;     ;     ;     ;     
29838;2025;10;10;     ;     ;     ;     
29838;2025;10;11;     ;     ;     ;     
29838;2025;10;12;     ;     ;     ;     
29838;2025;10;13;     ;     ;     ;     
29838;2025;10;14;     ;     ;     ;     
29838;2025;10;15;     ;     ;     ;     
29838;2025;10;16;     ;     ;     ;     
29838;2025;10;17;     ;     ;     ;     
29838;2025;10;18;     ;     ;     ;     
29838;2025;10;19;     ;     ;     ;     
29838;2025;10;20;     ;     ;     ;     
29838;2025;10;21;     ;     ;     ;     
29838;2025;10;22;     ;     ;     ;     
29838;2025;10;23;     ;     ;     ;     
29838;2025;10;24;     ;     ;     ;     
29838;2025;10;25;     ;     ;     ;     
29838;2025;10;26;     ;     ;     ;     
29838;2025;10;27;     ;     ;     ;     
29838;2025;10;28;     ;     ;     ;     
29838;2025;10;29;     ;     ;     ;     
29838;2025;10;30;     ;     ;     ;     
29838;2025;10;31;     ;     ;     ;     
